0.225314
0.126133
0.069009
0.0369172
0.0279074
0.0210055
0.0167221
0.0131443
0.0112346
0.00994988
0.00910564
0.00809164
0.0072357
0.00617773
0.00545852
0.00492116
0.00442236
0.00394116
0.00360283
0.00340628
0.0029231
0.00257526
0.00236843
0.0022246
0.00208073
0.00180822
0.0017098
0.0014623
0.00136422
0.00126058
0.00123766
0.00122099
0.00107701
0.00096446
0.000831844
0.000762676
0.000725521
0.000712145
0.000685875
0.000601836
0.000589996
0.000577501
0.000539774
0.000500374
0.000487003
0.000467968
0.000450807
0.000437917
0.000425509
0.000406152
0.000384627
0.000381287
0.000319828
0.000307325
0.000292436
0.000280261
0.000263384
0.000250794
0.000237763
0.000229847
0.000209583
0.000205522
0.000199167
0.000193942
0.000185965
0.00018332
0.00016767
0.000162547
0.000155274
0.000151917
0.000149006
0.000140782
0.000132715
0.00012923
0.000124155
0.000121355
0.000119777
0.000115167
0.000111339
0.000109161
0.000107154
9.50812e-05
9.38151e-05
9.0049e-05
8.66499e-05
8.25424e-05
7.89046e-05
7.07551e-05
6.86712e-05
6.61698e-05
6.26238e-05
6.01672e-05
5.94672e-05
5.87632e-05
5.47521e-05
5.31049e-05
5.05569e-05
4.93082e-05
4.83906e-05
4.76878e-05
