0.228588
0.173124
0.117976
0.0836874
0.0649094
0.0540198
0.0441729
0.0373885
0.0308504
0.0271683
0.024891 
0.0222585
0.0206296
0.0197413
0.0176405
0.0166538
0.0152309
0.0132399
0.0126358
0.011185 
0.0109177
0.01031
0.00942408
0.00929253
0.00897197
0.00889054
0.00871471
0.00860948
0.00840061
0.00829473
0.00817768
0.00775306
0.00762273
0.00756992
0.0074747 
0.00743328
0.00736911
0.00732738
0.00719027
0.00704426
0.00698831
0.0068758 
0.00684185
0.00680112
0.00679387
0.00677723
0.00674282
0.00672219
0.00670888
0.00670041
0.00668355
0.00665323
0.00665146
0.00664018
0.0066285 
0.00662619
0.00662058
0.00661253
0.00660965
0.00660901
0.00660849
0.00660829
0.0066076 
0.00660617
0.00660598
0.00660566
0.00660474
0.00660243
0.00660091
0.00660079
0.00660078
0.00659925
0.00659878
0.00659867
0.00659855
0.00659848
0.00659844
0.00659841
0.0065984 
0.00659838
0.00659837
0.00659834
0.00659833
0.00659833
0.00659833
0.00659832
0.00659832
0.00659829
0.00659828
0.00659826
0.00659825
0.00659825
0.00659823
0.00659822
0.00659821
0.00659819
0.00659819
0.00659819
0.00659819
0.00659819
