0.224582
0.122306
0.0459873
0.0214283
0.0113562
0.00759368
0.0060886
0.00397275
0.00337632
0.00258077
0.00209122
0.00180783
0.00144291
0.0012685
0.00112745
0.000997723
0.000994659
0.000993247
0.000914439
0.000856472
0.000763361
0.000674261
0.000612915
0.000612665
0.000554252
0.000552512
0.000541183
0.000530617
0.000483658
0.000483487
0.000451936
0.0004168
0.0004133
0.000381613
0.000375973
0.000375948
0.000375701
0.000375529
0.000364895
0.000364289
0.00036426
0.000351587
0.000351579
0.000351197
0.000345434
0.000313594
0.000313587
0.000310035
0.000298031
0.00029803
0.000287749
0.000287071
0.000282078
0.000282078
0.000282077
0.000282076
0.00025722
0.00025722
0.000248132
0.000248132
0.000232837
0.000230069
0.000219994
0.000219935
0.000219935
0.000216289
0.000216289
0.000216289
0.000214255
0.000214236
0.000214236
0.000214236
0.000212156
0.000212156
0.000212156
0.00021215
0.00021215
0.000201058
0.000201058
0.000201058
0.000201058
0.000201058
0.000187363
0.000187349
0.000187348
0.000187348
0.00017135
0.00017135
0.00017135
0.00017135
0.000171036
0.000167143
0.000167143
0.000167143
0.000167143
0.000167143
0.000167143
0.000167143
0.000167143
0.000162114
