0.226824
0.22506
0.213855
0.191655
0.168172
0.142629
0.124789
0.103238
0.0834455
0.0696825
0.0562404
0.0465413
0.0403186
0.0344189
0.0278341
0.0238357
0.0227893
0.0185821
0.0170233
0.012031
0.0110776
0.00858634
0.00504083
0.00503592
0.00479154
0.00473746
0.00470228
0.00469666
0.00464916
0.00464352
0.00442302
0.00434224
0.00434053
0.00425552
0.00425552
0.00417498
0.00411942
0.00410914
0.00402945
0.00402945
0.00402791
0.0039987
0.00399742
0.00397774
0.00397042
0.00397
0.00395867
0.00392048
0.00373833
0.00372007
0.00372007
0.00371554
0.00369456
0.00369456
0.00368672
0.0036788
0.0036788
0.00367651
0.00367651
0.00367008
0.00366977
0.00366268
0.00365871
0.00365674
0.0036353
0.00362884
0.00362728
0.00362466
0.00360436
0.0035977
0.00359157
0.00359157
0.00358963
0.00358963
0.00356838
0.00356135
0.00356041
0.00356041
0.00354729
0.00354533
0.00354047
0.0035391
0.00352569
0.00339355
0.00339355
0.00329998
0.00326944
0.0031856
0.0031856
0.00318372
0.00318372
0.00317891
0.00307411
0.00307396
0.00307396
0.00307396
0.00307396
0.00307396
0.00306627
0.00306429
