0.227046
0.16487
0.13251
0.107838
0.0898684
0.0816701
0.0732481
0.0681966
0.0611802
0.0597167
0.0591003
0.0554482
0.053082
0.0520771
0.0510229
0.0489076
0.0465636
0.0461551
0.0461551
0.0461551
0.0460968
0.0460968
0.0455723
0.045365
0.0450378
0.0450003
0.0450003
0.0450003
0.0449616
0.0440909
0.0440909
0.0440909
0.0440909
0.0440909
0.0439077
0.0437384
0.0431912
0.0431912
0.0431912
0.0431912
0.0431912
0.0431912
0.0431912
0.0431912
0.0431912
0.0431912
0.0431912
0.0424218
0.0424218
0.0424218
0.0424218
0.0424218
0.0424218
0.0424218
0.0424218
0.0424218
0.0424218
0.0424218
0.0424218
0.0424218
0.0424218
0.0424218
0.0424218
0.0424218
0.0424218
0.0424218
0.0424218
0.0424218
0.0424218
0.0424218
0.0424218
0.0424218
0.0424218
0.0424218
0.0424218
0.0424218
0.0424218
0.0424218
0.0424218
0.0424218
0.0424218
0.0424218
0.0424218
0.0424218
0.0424218
0.0424218
0.0424218
0.0424218
0.0424218
0.0424218
0.0424218
0.0424218
0.0424218
0.0424218
0.0424218
0.0424218
0.0424218
0.0424218
0.0424218
0.0424218
