0.226181
0.107721
0.0710285
0.0497804
0.0373293
0.0272096
0.021657
0.0183379
0.0156105
0.012983
0.0116372
0.0102822
0.00962386
0.00880138
0.00859124
0.00815434
0.00795957
0.00770183
0.00703022
0.00663266
0.00610121
0.00584859
0.00564717
0.00536905
0.00535714
0.00518678
0.0048591
0.00457675
0.00436455
0.00423633
0.00385532
0.00378316
0.00378316
0.00360123
0.00345293
0.0034057
0.00330348
0.0030034
0.0029378
0.0029378
0.00285827
0.00275931
0.00270825
0.0026721
0.00265831
0.00264794
0.00257741
0.00255612
0.00249507
0.00242871
0.00240863
0.00236295
0.00226806
0.00225834
0.00223162
0.00214492
0.00203621
0.00202111
0.00200759
0.00188709
0.00185714
0.0017744
0.00174907
0.00170004
0.00169497
0.00162131
0.00161352
0.00148795
0.00147784
0.00146718
0.00145517
0.00145357
0.00145357
0.00141355
0.0013831
0.00135804
0.00135804
0.00133856
0.00133699
0.00133699
0.00128825
0.00128046
0.00126046
0.00125605
0.00125605
0.0012546
0.00125301
0.00124458
0.00123343
0.00123343
0.00119075
0.00115178
0.00112741
0.00112032
0.00112032
0.00110418
0.00110418
0.00108419
0.00108419
0.00102447
