0.264835
0.249986
0.249931
0.24993
0.249929
0.249929
0.249929
0.249929
0.249929
0.249929
0.249929
0.249929
0.249929
0.249929
0.249929
0.249856
0.249852
0.249852
0.249815
0.1875
0.1875
0.1875
0.1875
0.1875
0.1875
0.1875
0.1875
0.1875
0.1875
0.168578
0.168273
0.168257
0.168132
0.168132
0.168132
0.168132
0.166913
0.166844
0.166843
0.166843
0.166843
0.166843
0.166843
0.0696188
0.0696052
0.0696049
0.0696047
0.058765
0.0504565
0.0504565
0.0504563
0.0504563
0.00355233
0.00355233
0.00355233
0.00355233
0.00355233
0.00355233
0.00355233
5.18855e-310
5.18855e-310
5.18855e-310
5.18855e-310
5.18855e-310
5.18855e-310
5.18855e-310
5.18855e-310
5.18855e-310
5.18855e-310
5.18855e-310
5.18855e-310
5.18855e-310
5.18855e-310
5.18855e-310
5.18855e-310
5.18855e-310
5.18855e-310
5.18855e-310
5.18855e-310
5.18855e-310
5.18855e-310
5.18855e-310
5.18855e-310
5.18855e-310
5.18855e-310
5.18855e-310
5.18855e-310
5.18855e-310
5.18855e-310
5.18855e-310
5.18855e-310
5.18855e-310
5.18855e-310
5.18855e-310
5.18855e-310
5.18855e-310
5.18855e-310
5.18855e-310
5.18855e-310
5.18855e-310
