0.281814
0.27194
0.263822
0.257295
0.252105
0.247973
0.244634
0.241863
0.239481
0.237352
0.235378
0.233491
0.23164
0.22979
0.227918
0.226005
0.224038
0.222006
0.219904
0.217725
0.215466
0.213124
0.210697
0.208186
0.205591
0.202912
0.200152
0.197314
0.194399
0.191413
0.188359
0.185242
0.182067
0.178839
0.175566
0.172251
0.168903
0.165528
0.162131
0.158719
0.1553
0.151879
0.148462
0.145055
0.141664
0.138293
0.134948
0.131632
0.128349
0.125103
0.121897
0.118733
0.115614
0.112542
0.109518
0.106545
0.103624
0.100755
0.0979409
0.0951813
0.0924773
0.0898293
0.0872378
0.0847031
0.0822253
0.0798045
0.0774404
0.075133
0.0728817
0.0706863
0.0685462
0.0664607
0.0644291
0.0624506
0.0605243
0.0586493
0.0568246
0.0550491
0.0533217
0.0516414
0.0500072
0.0484179
0.0468724
0.0453699
0.0439094
0.0424898
0.0411103
0.0397701
0.0384683
0.0372042
0.035977
0.0347859
0.0336303
0.0325095
0.0314228
0.0303697
0.0293495
0.0283617
0.0274058
0.0264812
